Epoch 101
-------
Training...
 53%|████████████████████▌                  | 2642/5000 [02:55<02:41, 14.58it/s]
m: [   1839.63825045    4295.68753363    7978.25184885   11267.53480135
   16367.02605193   21243.5353934    24372.04660502   26462.43133402
   31852.52263506   32418.79534471   36479.43148083   41979.9850571
   45860.06704717   49625.81022126   53302.31829694   54461.63846034
   58726.49416338   62097.08856989   67398.40005856   69241.81091996
   74107.12231262   77081.00921093   82183.06112002   84418.09530725
   86759.02481597   92552.67349783   93611.22490686   98538.00485737
  103135.73647588  107257.0802528   108322.32956015  115090.9649345 ]
t_:  [132344 134148 136777 139079 142612 145905 147951 149220 152427 152701
 153669 156962 159839 162542 165305 166245 169427 172084 175929 177390
 180999 183137 186888 188608 190304 194642 195397 198906 202371 205315
 206142 131071]
heap[t_]:  [  3.57136917   0.59005439   3.57996511   2.5988493    2.42636847
   3.53408241   1.85923672   4.25455856   4.0738759    3.1902113
  37.12011719   5.91703987   1.92212605   0.58849883   0.60191655
   1.94672382   2.38106942   2.90546632   1.20598602   2.63270354
   3.64027071   5.93819237   4.39834642   1.10890043   1.08353031
   1.53687251   3.5494628    1.83276606   0.49460229   4.64636326
   1.90546358   0.        ]
heap[1]:  115091.0
P:  [  3.10308387e-05   5.12685210e-06   3.11055264e-05   2.25808271e-05
   2.10821800e-05   3.07068622e-05   1.61544976e-05   3.69669178e-05
   3.53970063e-05   2.77190411e-05   3.22528504e-04   5.14118510e-05
   1.67009293e-05   5.11333610e-06   5.22992013e-06   1.69146533e-05
   2.06885870e-05   2.52449554e-05   1.04785458e-05   2.28749795e-05
   3.16295082e-05   5.15956417e-05   3.82162616e-05   9.63499042e-06
   9.41455528e-06   1.33535459e-05   3.08404997e-05   1.59244992e-05
   4.29749025e-06   4.03712256e-05   1.65561523e-05   0.00000000e+00]
size:  80000
beta:  0.7
