0.000000000000000000e+00 0.000000000000000000e+00
3.200000000000000000e+02 6.400000000000000000e+01
3.192187500000000000e+02 6.400000000000000000e+01
3.177294921875000000e+02 6.400000000000000000e+01
3.155986022949218750e+02 6.400000000000000000e+01
3.128862304687500000e+02 6.400000000000000000e+01
3.096468811035156250e+02 6.400000000000000000e+01
3.059299621582031250e+02 6.400000000000000000e+01
3.017802429199218750e+02 6.400000000000000000e+01
2.972382965087890625e+02 6.400000000000000000e+01
2.923408966064453125e+02 6.400000000000000000e+01
2.871213684082031250e+02 6.400000000000000000e+01
2.816099090576171875e+02 6.400000000000000000e+01
2.758338928222656250e+02 6.400000000000000000e+01
2.698181152343750000e+02 6.400000000000000000e+01
2.635850524902343750e+02 6.400000000000000000e+01
2.571550750732421875e+02 6.400000000000000000e+01
2.505466461181640625e+02 6.400000000000000000e+01
2.437765045166015625e+02 6.400000000000000000e+01
2.368598022460937500e+02 6.400000000000000000e+01
2.298102874755859375e+02 6.400000000000000000e+01
2.226404113769531250e+02 6.400000000000000000e+01
2.153614501953125000e+02 6.400000000000000000e+01
2.079836273193359375e+02 6.400000000000000000e+01
2.005162200927734375e+02 6.400000000000000000e+01
1.929676208496093750e+02 6.400000000000000000e+01
1.853454437255859375e+02 6.400000000000000000e+01
1.776565856933593750e+02 6.400000000000000000e+01
1.699073028564453125e+02 6.400000000000000000e+01
1.621032562255859375e+02 6.400000000000000000e+01
1.542495880126953125e+02 6.400000000000000000e+01
1.463509368896484375e+02 6.400000000000000000e+01
1.384115295410156250e+02 6.400000000000000000e+01
1.304351806640625000e+02 6.400000000000000000e+01
1.224253540039062500e+02 6.400000000000000000e+01
1.143851928710937500e+02 6.400000000000000000e+01
1.063175354003906250e+02 6.400000000000000000e+01
9.822496032714843750e+01 6.400000000000000000e+01
9.011018371582031250e+01 6.397602844238281250e+01
8.197642517089843750e+01 6.390638732910156250e+01
7.382731628417968750e+01 6.377145385742187500e+01
6.566688537597656250e+01 6.355352783203125000e+01
5.749949645996093750e+01 6.323664855957031250e+01
4.933462524414062500e+01 6.278297424316406250e+01
4.118370056152343750e+01 6.215884399414062500e+01
3.305993652343750000e+01 6.133453369140625000e+01
3.305993652343750000e+01 6.028410339355468750e+01
3.236022949218750000e+01 5.898516845703125000e+01
3.236022949218750000e+01 5.741876220703125000e+01
3.236022949218750000e+01 5.556916809082031250e+01
3.236022949218750000e+01 5.389295959472656250e+01
3.236022949218750000e+01 5.237388610839843750e+01
3.236022949218750000e+01 5.099722290039062500e+01
3.236022949218750000e+01 4.974961853027343750e+01
3.236022949218750000e+01 4.861897277832031250e+01
3.236022949218750000e+01 4.759431457519531250e+01
3.236022949218750000e+01 4.666571044921875000e+01
3.236022949218750000e+01 4.582415771484375000e+01
3.236022949218750000e+01 4.506149291992187500e+01
3.236022949218750000e+01 4.437031555175781250e+01
3.236022949218750000e+01 4.374392700195312500e+01
3.236022949218750000e+01 4.317625427246093750e+01
3.236022949218750000e+01 4.227255249023437500e+01
3.236022949218750000e+01 4.110659790039062500e+01
3.236022949218750000e+01 3.974655151367187500e+01
3.236022949218750000e+01 3.825532531738281250e+01
3.236022949218750000e+01 3.669091796875000000e+01
3.236022949218750000e+01 3.510667419433593750e+01
3.236022949218750000e+01 3.355157470703125000e+01
3.236022949218750000e+01 3.207044982910156250e+01
3.157936096191406250e+01 3.070420837402343750e+01
3.009080505371093750e+01 2.948941040039062500e+01
2.796385192871093750e+01 2.845968627929687500e+01
2.526422119140625000e+01 2.764526367187500000e+01
2.281767272949218750e+01 2.690718078613281250e+01
2.060047912597656250e+01 2.623828125000000000e+01
1.859114074707031250e+01 2.563208007812500000e+01
1.677017211914062500e+01 2.508270263671875000e+01
1.605155944824218750e+01 2.460037231445312500e+01
1.605155944824218750e+01 2.435974121093750000e+01
1.605155944824218750e+01 2.414166259765625000e+01
1.605155944824218750e+01 2.394401550292968750e+01
1.605155944824218750e+01 2.376489257812500000e+01
1.605155944824218750e+01 2.360255432128906250e+01
1.605155944824218750e+01 2.345542907714843750e+01
1.605155944824218750e+01 2.332208251953125000e+01
1.605155944824218750e+01 2.320123291015625000e+01
1.605155944824218750e+01 2.309170532226562500e+01
1.605155944824218750e+01 2.299243164062500000e+01
1.605155944824218750e+01 2.290245056152343750e+01
1.605155944824218750e+01 2.282089233398437500e+01
1.605155944824218750e+01 2.274697875976562500e+01
1.605155944824218750e+01 2.267999267578125000e+01
1.605155944824218750e+01 2.261927795410156250e+01
1.605155944824218750e+01 2.261927795410156250e+01
1.605155944824218750e+01 2.261927795410156250e+01
1.605155944824218750e+01 2.261927795410156250e+01
1.605155944824218750e+01 2.261927795410156250e+01
1.614183044433593750e+01 2.339521789550781250e+01
1.636131286621093750e+01 2.486730957031250000e+01
1.674478149414062500e+01 2.696035766601562500e+01
1.732307434082031250e+01 2.960337829589843750e+01
1.812326049804687500e+01 2.960337829589843750e+01
1.916883850097656250e+01 3.031562805175781250e+01
2.047987365722656250e+01 3.165232849121093750e+01
2.207322692871093750e+01 3.165232849121093750e+01
2.396261596679687500e+01 3.165232849121093750e+01
2.615879821777343750e+01 3.165232849121093750e+01
2.866972351074218750e+01 3.165232849121093750e+01
3.150061035156250000e+01 3.165232849121093750e+01
3.462147521972656250e+01 3.220133972167968750e+01
3.800512695312500000e+01 3.324787902832031250e+01
4.162692260742187500e+01 3.474531555175781250e+01
4.546453857421875000e+01 3.665136718750000000e+01
4.949774169921875000e+01 3.892773437500000000e+01
5.370820617675781250e+01 4.153970336914062500e+01
5.807929992675781250e+01 4.445581054687500000e+01
6.259597778320312500e+01 4.764753723144531250e+01
6.724458312988281250e+01 5.108905029296875000e+01
7.201274108886718750e+01 5.475692749023437500e+01
7.688925170898437500e+01 5.862994384765625000e+01
8.186395263671875000e+01 6.268887329101562500e+01
8.694424438476562500e+01 6.689897155761718750e+01
9.213626098632812500e+01 7.122827148437500000e+01
9.744505310058593750e+01 7.564729309082031250e+01
1.028745880126953125e+02 8.012887573242187500e+01
1.084278869628906250e+02 8.464794921875000000e+01
1.141202697753906250e+02 8.916130065917968750e+01
1.199631195068359375e+02 9.362820434570312500e+01
1.259641723632812500e+02 9.801034545898437500e+01
1.321277770996093750e+02 1.022717285156250000e+02
1.384551544189453125e+02 1.063786621093750000e+02
1.449446105957031250e+02 1.102996673583984375e+02
1.513840332031250000e+02 1.118842010498046875e+02
1.554180603027343750e+02 1.119893188476562500e+02
1.597143402099609375e+02 1.119952239990234375e+02
1.642335510253906250e+02 1.119952239990234375e+02
1.691093750000000000e+02 1.119661712646484375e+02
1.743045501708984375e+02 1.118543243408203125e+02
1.797824096679687500e+02 1.116199798583984375e+02
1.855068206787109375e+02 1.112276611328125000e+02
1.914421691894531250e+02 1.106459045410156250e+02
1.975533599853515625e+02 1.098470458984375000e+02
2.038058319091796875e+02 1.088070373535156250e+02
2.101655731201171875e+02 1.075052490234375000e+02
2.165991668701171875e+02 1.059243621826171875e+02
2.230997009277343750e+02 1.040905303955078125e+02
2.296608886718750000e+02 1.020274810791015625e+02
2.362770538330078125e+02 9.975669860839843750e+01
2.429430389404296875e+02 9.729765319824218750e+01
2.496541748046875000e+02 9.466799926757812500e+01
2.564062194824218750e+02 9.188372802734375000e+01
2.631953430175781250e+02 8.895933532714843750e+01
2.700180664062500000e+02 8.590795898437500000e+01
2.768712463378906250e+02 8.274150085449218750e+01
2.837520294189453125e+02 7.947074890136718750e+01
2.906578216552734375e+02 7.610548400878906250e+01
2.975862731933593750e+02 7.265457153320312500e+01
3.045472717285156250e+02 6.914678955078125000e+01
3.115491180419921875e+02 6.560858154296875000e+01
3.185986938476562500e+02 6.206425476074218750e+01
3.257015838623046875e+02 5.853616333007812500e+01
3.328621520996093750e+02 5.504484558105468750e+01
3.400916900634765625e+02 5.163177490234375000e+01
3.473976593017578125e+02 4.833549499511718750e+01
3.547839660644531250e+02 4.519171142578125000e+01
3.622512664794921875e+02 4.223335266113281250e+01
3.697972412109375000e+02 3.949069213867187500e+01
3.774168701171875000e+02 3.699134826660156250e+01
3.851026458740234375e+02 3.475984191894531250e+01
3.928483581542968750e+02 3.277107238769531250e+01
4.006483917236328125e+02 3.100228881835937500e+01
4.084976501464843750e+02 2.943286132812500000e+01
4.163915252685546875e+02 2.804409790039062500e+01
4.243258361816406250e+02 2.681906127929687500e+01
4.322967834472656250e+02 2.574240112304687500e+01
4.403009338378906250e+02 2.480021667480468750e+01
4.483351745605468750e+02 2.397988891601562500e+01
4.563966827392578125e+02 2.327000427246093750e+01
4.644829101562500000e+02 2.266020202636718750e+01
4.725915374755859375e+02 2.214109802246093750e+01
4.807204589843750000e+02 2.170419311523437500e+01
4.888663482666015625e+02 2.136570739746093750e+01
4.970254821777343750e+02 2.114027404785156250e+01
5.051937408447265625e+02 2.104109191894531250e+01
5.133666687011718750e+02 2.108001708984375000e+01
5.215394744873046875e+02 2.126768493652343750e+01
5.297013549804687500e+02 2.163684082031250000e+01
5.378396759033203125e+02 2.221643066406250000e+01
5.459401855468750000e+02 2.303175354003906250e+01
5.539872436523437500e+02 2.410464477539062500e+01
5.619640045166015625e+02 2.545364379882812500e+01
5.698526458740234375e+02 2.709411621093750000e+01
5.776345214843750000e+02 2.903842163085937500e+01
5.852903747558593750e+02 3.129605102539062500e+01
5.928004608154296875e+02 3.387373352050781250e+01
6.001447296142578125e+02 3.677555847167968750e+01
6.073029785156250000e+02 4.000311279296875000e+01
6.073029785156250000e+02 4.355557250976562500e+01
6.077285003662109375e+02 4.742982482910156250e+01
6.077285003662109375e+02 5.162060546875000000e+01
6.077285003662109375e+02 5.612055969238281250e+01
6.077285003662109375e+02 6.092041015625000000e+01
6.079820556640625000e+02 6.600900268554687500e+01
6.079820556640625000e+02 7.137347412109375000e+01
6.079820556640625000e+02 7.699931335449218750e+01
6.079820556640625000e+02 8.285066223144531250e+01
6.079820556640625000e+02 8.889218139648437500e+01
6.079820556640625000e+02 9.508906555175781250e+01
6.083241729736328125e+02 1.014070587158203125e+02
6.090187530517578125e+02 1.078124847412109375e+02
6.100407562255859375e+02 1.117980804443359375e+02
6.108168945312500000e+02 1.119803771972656250e+02
6.117807312011718750e+02 1.119813079833984375e+02
6.131469573974609375e+02 1.119823150634765625e+02
6.148982696533203125e+02 1.119833831787109375e+02
6.170172576904296875e+02 1.119844970703125000e+02
6.194862365722656250e+02 1.119856872558593750e+02
6.222870330810546875e+02 1.119869232177734375e+02
6.223016967773437500e+02 1.119886322021484375e+02
6.223149871826171875e+02 1.119899139404296875e+02
6.223317260742187500e+02 1.119912414550781250e+02
6.223530731201171875e+02 1.119925994873046875e+02
6.223812866210937500e+02 1.119940032958984375e+02
6.224201354980468750e+02 1.119954223632812500e+02
6.224786224365234375e+02 1.119968566894531250e+02
6.225882263183593750e+02 1.119982910156250000e+02
6.232319335937500000e+02 1.119996948242187500e+02
6.238737945556640625e+02 1.119631195068359375e+02
6.239757232666015625e+02 1.118534240722656250e+02
6.239759368896484375e+02 1.116413269042968750e+02
6.239762420654296875e+02 1.112808532714843750e+02
6.239766387939453125e+02 1.107453613281250000e+02
6.239771118164062500e+02 1.100123443603515625e+02
6.239776763916015625e+02 1.090630645751953125e+02
6.239783172607421875e+02 1.078822784423828125e+02
6.239790496826171875e+02 1.064580230712890625e+02
6.239798583984375000e+02 1.047813720703125000e+02
6.239807434082031250e+02 1.028461151123046875e+02
6.239817047119140625e+02 1.006487274169921875e+02
6.239827270507812500e+02 9.818807983398437500e+01
6.239827270507812500e+02 9.818807983398437500e+01
6.239827270507812500e+02 9.765332031250000000e+01
6.239827270507812500e+02 9.668119812011718750e+01
6.239827270507812500e+02 9.668119812011718750e+01
6.239827270507812500e+02 9.625154113769531250e+01
6.239827270507812500e+02 9.625154113769531250e+01
6.239827270507812500e+02 9.625154113769531250e+01
6.239827270507812500e+02 9.625154113769531250e+01
6.239827270507812500e+02 9.625154113769531250e+01
6.239827270507812500e+02 9.603054809570312500e+01
6.239827270507812500e+02 9.603054809570312500e+01
6.239827270507812500e+02 9.603054809570312500e+01
6.239827270507812500e+02 9.603054809570312500e+01
6.239827270507812500e+02 9.603054809570312500e+01
6.239827270507812500e+02 9.603054809570312500e+01
6.239827270507812500e+02 9.603054809570312500e+01
6.239827270507812500e+02 9.603054809570312500e+01
6.239827270507812500e+02 9.603054809570312500e+01
6.239827270507812500e+02 9.603054809570312500e+01
6.239827270507812500e+02 9.603054809570312500e+01
6.239827270507812500e+02 9.603054809570312500e+01
6.239827270507812500e+02 9.603054809570312500e+01
6.239827270507812500e+02 9.603054809570312500e+01
6.239827270507812500e+02 9.603054809570312500e+01
6.239827270507812500e+02 9.603054809570312500e+01
6.239827270507812500e+02 9.603054809570312500e+01
6.239827270507812500e+02 9.603054809570312500e+01
6.239827270507812500e+02 9.603054809570312500e+01
6.239827270507812500e+02 9.603054809570312500e+01
6.239827270507812500e+02 9.603054809570312500e+01
6.239827270507812500e+02 9.603054809570312500e+01
6.239827270507812500e+02 9.603054809570312500e+01
6.239827270507812500e+02 9.603054809570312500e+01
6.239827270507812500e+02 9.603054809570312500e+01
6.239827270507812500e+02 9.603054809570312500e+01
6.239827270507812500e+02 9.603054809570312500e+01
6.239827270507812500e+02 9.603054809570312500e+01
6.239258575439453125e+02 9.603054809570312500e+01
6.237697601318359375e+02 9.603054809570312500e+01
6.234764709472656250e+02 9.603054809570312500e+01
6.230121307373046875e+02 9.603054809570312500e+01
6.223468170166015625e+02 9.603054809570312500e+01
6.214543304443359375e+02 9.603054809570312500e+01
6.203120269775390625e+02 9.603054809570312500e+01
6.189006195068359375e+02 9.603054809570312500e+01
6.172040557861328125e+02 9.603054809570312500e+01
6.152093658447265625e+02 9.603054809570312500e+01
6.129065246582031250e+02 9.603054809570312500e+01
6.102882843017578125e+02 9.603054809570312500e+01
6.073500976562500000e+02 9.549185180664062500e+01
6.040899658203125000e+02 9.450064086914062500e+01
6.005083160400390625e+02 9.313696289062500000e+01
5.966078948974609375e+02 9.147508239746093750e+01
5.923936767578125000e+02 8.958392333984375000e+01
5.878727111816406250e+02 8.752737426757812500e+01
5.830540161132812500e+02 8.536465454101562500e+01
5.779485168457031250e+02 8.315052795410156250e+01
5.725688629150390625e+02 8.093559265136718750e+01
5.669293518066406250e+02 7.876649475097656250e+01
5.610458374023437500e+02 7.668609619140625000e+01
5.549355773925781250e+02 7.473368835449218750e+01
5.486198272705078125e+02 7.289727783203125000e+01
5.421178436279296875e+02 7.116598510742187500e+01
5.354470977783203125e+02 6.952996826171875000e+01
5.286234130859375000e+02 6.798028564453125000e+01
5.216611175537109375e+02 6.650885009765625000e+01
5.145732116699218750e+02 6.510832214355468750e+01
5.073714752197265625e+02 6.377204895019531250e+01
5.000665740966796875e+02 6.249401855468750000e+01
4.926681823730468750e+02 6.126876831054687500e+01
4.851850585937500000e+02 6.009133911132812500e+01
4.776251525878906250e+02 5.895726013183593750e+01
4.699956665039062500e+02 5.786245727539062500e+01
4.623031158447265625e+02 5.680325317382812500e+01
4.545534210205078125e+02 5.577630615234375000e+01
4.467519378662109375e+02 5.477859497070312500e+01
4.389035186767578125e+02 5.380737304687500000e+01
4.310125579833984375e+02 5.286016845703125000e+01
4.230830535888671875e+02 5.193472290039062500e+01
4.151186065673828125e+02 5.102899169921875000e+01
4.071224975585937500e+02 5.014112854003906250e+01
3.990977020263671875e+02 4.926947021484375000e+01
3.910469055175781250e+02 4.841249084472656250e+01
3.829725494384765625e+02 4.756881713867187500e+01
3.748768310546875000e+02 4.673719787597656250e+01
3.667617645263671875e+02 4.591650390625000000e+01
3.586291503906250000e+02 4.510571289062500000e+01
3.504806365966796875e+02 4.430389404296875000e+01
3.423177185058593750e+02 4.351020812988281250e+01
3.341417388916015625e+02 4.272389221191406250e+01
3.259539337158203125e+02 4.194425964355468750e+01
3.177554016113281250e+02 4.117068481445312500e+01
3.095471496582031250e+02 4.040258789062500000e+01
3.013300933837890625e+02 3.963946533203125000e+01
2.931050567626953125e+02 3.888084411621093750e+01
2.848727874755859375e+02 3.812629699707031250e+01
2.766339721679687500e+02 3.737544250488281250e+01
2.683892211914062500e+02 3.662794494628906250e+01
2.601390838623046875e+02 3.588348388671875000e+01
2.518840637207031250e+02 3.514176940917968750e+01
2.436246185302734375e+02 3.440255737304687500e+01
2.353611755371093750e+02 3.366560363769531250e+01
2.270941009521484375e+02 3.293069458007812500e+01
2.188237304687500000e+02 3.219764709472656250e+01
2.105503845214843750e+02 3.146627807617187500e+01
2.022743377685546875e+02 3.073643493652343750e+01
1.939958496093750000e+02 3.000798034667968750e+01
1.857151489257812500e+02 2.928077697753906250e+01
1.774324340820312500e+02 2.855470275878906250e+01
1.691452178955078125e+02 2.787751770019531250e+01
1.608542022705078125e+02 2.729194641113281250e+01
1.525629730224609375e+02 2.683721923828125000e+01
1.442777099609375000e+02 2.654861450195312500e+01
1.360069122314453125e+02 2.645762634277343750e+01
1.277611541748046875e+02 2.659216308593750000e+01
1.195528259277343750e+02 2.697669982910156250e+01
1.113959503173828125e+02 2.763241577148437500e+01
1.033059387207031250e+02 2.857736206054687500e+01
9.529937744140625000e+01 2.982656860351562500e+01
8.739382934570312500e+01 3.139218139648437500e+01
7.960766601562500000e+01 3.328356933593750000e+01
7.195988464355468750e+01 3.550746154785156250e+01
6.446989440917968750e+01 3.806802368164062500e+01
5.715742492675781250e+01 4.096697998046875000e+01
5.004231262207031250e+01 4.420370483398437500e+01
4.314437866210937500e+01 4.777536010742187500e+01
3.648327636718750000e+01 5.167695617675781250e+01
3.648327636718750000e+01 5.590147399902343750e+01
3.615792846679687500e+01 6.043995666503906250e+01
3.558189392089843750e+01 6.528161621093750000e+01
3.482391357421875000e+01 7.041392517089843750e+01
3.394717407226562500e+01 7.582275390625000000e+01
3.300961303710937500e+01 8.149243164062500000e+01
3.206430053710937500e+01 8.740585327148437500e+01
3.206430053710937500e+01 9.354460144042968750e+01
3.206430053710937500e+01 9.988908386230468750e+01
3.211160278320312500e+01 1.064185333251953125e+02
3.224517822265625000e+01 1.117908630371093750e+02
3.240319824218750000e+01 1.119759979248046875e+02
3.269070434570312500e+01 1.119763183593750000e+02
3.317098999023437500e+01 1.119767150878906250e+02
3.386421203613281250e+01 1.119772186279296875e+02
3.478698730468750000e+01 1.119777984619140625e+02
3.595266723632812500e+01 1.119784698486328125e+02
3.737152099609375000e+01 1.119792022705078125e+02
3.905105590820312500e+01 1.119800262451171875e+02
4.099598693847656250e+01 1.119809265136718750e+02
4.320866394042968750e+01 1.119819030761718750e+02
4.568910217285156250e+01 1.119829406738281250e+02
4.843510437011718750e+01 1.119840393066406250e+02
5.144241333007812500e+01 1.119852142333984375e+02
5.470478820800781250e+01 1.119864349365234375e+02
5.821412658691406250e+01 1.119877014160156250e+02
6.196052551269531250e+01 1.119890136718750000e+02
6.593215942382812500e+01 1.119903717041015625e+02
7.011537170410156250e+01 1.119917755126953125e+02
7.449440002441406250e+01 1.119931945800781250e+02
7.905117797851562500e+01 1.119946441650390625e+02
8.376365661621093750e+01 1.119961090087890625e+02
8.860308837890625000e+01 1.119976043701171875e+02
9.352218627929687500e+01 1.119990997314453125e+02
9.852146911621093750e+01 1.119805145263671875e+02
1.038304138183593750e+02 1.118972320556640625e+02
1.094144134521484375e+02 1.117077026367187500e+02
1.152391967773437500e+02 1.113747100830078125e+02
1.212708435058593750e+02 1.108651275634765625e+02
1.274757537841796875e+02 1.101497344970703125e+02
1.338207244873046875e+02 1.092029724121093750e+02
1.402729187011718750e+02 1.080028228759765625e+02
1.468222808837890625e+02 1.065730438232421875e+02
1.534597015380859375e+02 1.049351654052734375e+02
1.601769256591796875e+02 1.031087036132812500e+02
1.669664764404296875e+02 1.011113281250000000e+02
1.738215789794921875e+02 9.895906066894531250e+01
1.807360839843750000e+02 9.666642761230468750e+01
1.877044219970703125e+02 9.424658203125000000e+01
1.947215423583984375e+02 9.171145629882812500e+01
2.017828674316406250e+02 8.907185363769531250e+01
2.088842620849609375e+02 8.633757019042968750e+01
2.160219726562500000e+02 8.351748657226562500e+01
2.231925811767578125e+02 8.061964416503906250e+01
2.304031829833984375e+02 7.767303466796875000e+01
2.376595611572265625e+02 7.470422363281250000e+01
2.449662475585937500e+02 7.173759460449218750e+01
2.523266601562500000e+02 6.879550170898437500e+01
2.597432250976562500e+02 6.589843750000000000e+01
2.672234497070312500e+02 6.308837890625000000e+01
2.747713012695312500e+02 6.040406799316406250e+01
2.823874816894531250e+02 5.788111877441406250e+01
2.900696868896484375e+02 5.555216979980468750e+01
2.978128967285156250e+02 5.344635009765625000e+01
3.056095886230468750e+02 5.159063720703125000e+01
3.134500274658203125e+02 5.000926208496093750e+01
3.213301086425781250e+02 4.867649841308593750e+01
3.292461090087890625e+02 4.756904602050781250e+01
3.371946716308593750e+02 4.666578674316406250e+01
3.451727447509765625e+02 4.594757080078125000e+01
3.531775512695312500e+02 4.539704895019531250e+01
3.612065887451171875e+02 4.499850463867187500e+01
3.692575836181640625e+02 4.473768615722656250e+01
3.773284759521484375e+02 4.460168457031250000e+01
3.854174041748046875e+02 4.457879638671875000e+01
3.935226745605468750e+02 4.465841674804687500e+01
4.016427612304687500e+02 4.483093261718750000e+01
4.097762756347656250e+02 4.508764648437500000e+01
4.179219512939453125e+02 4.542065429687500000e+01
4.260786437988281250e+02 4.582281494140625000e+01
4.342453308105468750e+02 4.628764343261718750e+01
4.424210662841796875e+02 4.680926513671875000e+01
4.506050109863281250e+02 4.738235473632812500e+01
4.587963867187500000e+02 4.800207519531250000e+01
4.669945068359375000e+02 4.866406250000000000e+01
4.751987304687500000e+02 4.936434936523437500e+01
4.834084930419921875e+02 5.009934997558593750e+01
4.916232757568359375e+02 5.086581420898437500e+01
4.998426055908203125e+02 5.166078186035156250e+01
5.080660552978515625e+02 5.248158264160156250e+01
5.162932434082031250e+02 5.332580566406250000e+01
5.245238189697265625e+02 5.419125366210937500e+01
5.327574615478515625e+02 5.507592773437500000e+01
5.409938812255859375e+02 5.597802734375000000e+01
5.492328186035156250e+02 5.689591979980468750e+01
5.574740295410156250e+02 5.782812500000000000e+01
5.657173156738281250e+02 5.877330017089843750e+01
5.739624786376953125e+02 5.973022460937500000e+01
5.822093353271484375e+02 6.069779968261718750e+01
5.904577331542968750e+02 6.167503356933593750e+01
5.987075195312500000e+02 6.266101074218750000e+01
6.069585723876953125e+02 6.365492248535156250e+01
6.069585723876953125e+02 6.455564880371093750e+01
6.069585723876953125e+02 6.537191772460937500e+01
6.069585723876953125e+02 6.611164855957031250e+01
6.069585723876953125e+02 6.678202819824218750e+01
6.069585723876953125e+02 6.738955688476562500e+01
6.069585723876953125e+02 6.794012451171875000e+01
6.069585723876953125e+02 6.843907165527343750e+01
6.069585723876953125e+02 6.889123535156250000e+01
6.069585723876953125e+02 6.930099487304687500e+01
6.069585723876953125e+02 6.967233276367187500e+01
6.069585723876953125e+02 7.000885009765625000e+01
6.069585723876953125e+02 7.031381225585937500e+01
6.069585723876953125e+02 7.059017944335937500e+01
6.069585723876953125e+02 7.084063720703125000e+01
6.069585723876953125e+02 7.106761169433593750e+01
6.069585723876953125e+02 7.127330017089843750e+01
6.069585723876953125e+02 7.145970153808593750e+01
6.069585723876953125e+02 7.162861633300781250e+01
6.069585723876953125e+02 7.178169250488281250e+01
6.069585723876953125e+02 7.192041015625000000e+01
6.069585723876953125e+02 7.204611206054687500e+01
6.069585723876953125e+02 7.216001892089843750e+01
6.069585723876953125e+02 7.226324462890625000e+01
6.069585723876953125e+02 7.235678100585937500e+01
6.069585723876953125e+02 7.244154357910156250e+01
6.069585723876953125e+02 7.251835632324218750e+01
6.069585723876953125e+02 7.258796691894531250e+01
6.069585723876953125e+02 7.265104675292968750e+01
6.069585723876953125e+02 7.270820617675781250e+01
6.069585723876953125e+02 7.270820617675781250e+01
6.069585723876953125e+02 7.270820617675781250e+01
6.069585723876953125e+02 7.270820617675781250e+01
6.069585723876953125e+02 7.270820617675781250e+01
6.069585723876953125e+02 7.270820617675781250e+01
6.069585723876953125e+02 7.270820617675781250e+01
6.069585723876953125e+02 7.270820617675781250e+01
6.065370635986328125e+02 7.205073547363281250e+01
6.056940155029296875e+02 7.082453918457031250e+01
6.044311370849609375e+02 6.911242675781250000e+01
6.027518615722656250e+02 6.699171447753906250e+01
6.006613006591796875e+02 6.453459167480468750e+01
5.981662445068359375e+02 6.180850219726562500e+01
5.952751007080078125e+02 5.887644958496093750e+01
5.919978637695312500e+02 5.579725646972656250e+01
5.883460540771484375e+02 5.262582397460937500e+01
5.843326568603515625e+02 4.941334533691406250e+01
5.799721221923828125e+02 4.620748901367187500e+01
5.752802734375000000e+02 4.305256652832031250e+01
5.702742156982421875e+02 3.998965454101562500e+01
5.649723052978515625e+02 3.705676269531250000e+01
5.593940277099609375e+02 3.428892517089843750e+01
5.535599822998046875e+02 3.171830749511718750e+01
5.474917755126953125e+02 2.937428283691406250e+01
5.412119293212890625e+02 2.728292846679687500e+01
5.347438049316406250e+02 2.546836853027343750e+01
5.281115112304687500e+02 2.395214843750000000e+01
5.213397827148437500e+02 2.275331115722656250e+01
5.144539031982421875e+02 2.188845825195312500e+01
5.074796142578125000e+02 2.137181091308593750e+01
5.004430084228515625e+02 2.121524047851562500e+01
4.933499145507812500e+02 2.138497924804687500e+01
4.862056274414062500e+02 2.185044860839843750e+01
4.790149536132812500e+02 2.258392333984375000e+01
4.717822418212890625e+02 2.356027221679687500e+01
4.645114288330078125e+02 2.475672912597656250e+01
4.572060852050781250e+02 2.615264892578125000e+01
4.498694610595703125e+02 2.772933959960937500e+01
4.425044860839843750e+02 2.946984863281250000e+01
4.351138153076171875e+02 3.135882568359375000e+01
4.276998596191406250e+02 3.338235473632812500e+01
4.202648010253906250e+02 3.552781677246093750e+01
4.128106231689453125e+02 3.778378295898437500e+01
4.053391113281250000e+02 4.013989257812500000e+01
3.978518829345703125e+02 4.258676147460937500e+01
3.903504180908203125e+02 4.511587524414062500e+01
3.828360595703125000e+02 4.771952819824218750e+01
3.753100128173828125e+02 5.039073181152343750e+01
3.677733764648437500e+02 5.312315368652343750e+01
3.602271423339843750e+02 5.591105651855468750e+01
3.526722106933593750e+02 5.874923706054687500e+01
3.451093902587890625e+02 6.163298034667968750e+01
3.375394134521484375e+02 6.455801391601562500e+01
3.299629516601562500e+02 6.752046203613281250e+01
3.223806152343750000e+02 7.051681518554687500e+01
3.147751617431640625e+02 7.349938964843750000e+01
3.071337127685546875e+02 7.642395019531250000e+01
2.994474487304687500e+02 7.924957275390625000e+01
2.917112121582031250e+02 8.193852233886718750e+01
2.839232330322265625e+02 8.445611572265625000e+01
2.760848388671875000e+02 8.677059936523437500e+01
2.682001953125000000e+02 8.885369873046875000e+01
2.602760162353515625e+02 9.067924499511718750e+01
2.523213195800781250e+02 9.222373962402343750e+01
2.443471984863281250e+02 9.346630859375000000e+01
2.363665924072265625e+02 9.438862609863281250e+01
2.283940429687500000e+02 9.497486877441406250e+01
2.204288024902343750e+02 9.525654602050781250e+01
2.124701843261718750e+02 9.526220703125000000e+01
2.045175628662109375e+02 9.501773071289062500e+01
1.965703735351562500e+02 9.454656982421875000e+01
1.886281127929687500e+02 9.386996459960937500e+01
1.806903228759765625e+02 9.300718688964843750e+01
1.727565765380859375e+02 9.197567749023437500e+01
1.648264923095703125e+02 9.079125976562500000e+01
1.568997344970703125e+02 8.946827697753906250e+01
1.489759979248046875e+02 8.801971435546875000e+01
1.410549926757812500e+02 8.645733642578125000e+01
1.331364593505859375e+02 8.479182434082031250e+01
1.252201690673828125e+02 8.303283691406250000e+01
1.173059082031250000e+02 8.118914794921875000e+01
1.093934936523437500e+02 7.926869201660156250e+01
1.014827423095703125e+02 7.727867126464843750e+01
9.357350158691406250e+01 7.522560119628906250e+01
8.566563415527343750e+01 7.311540222167968750e+01
7.775900268554687500e+01 7.095343017578125000e+01
6.985350036621093750e+01 6.874453735351562500e+01
6.194902038574218750e+01 6.649311828613281250e+01
5.404547119140625000e+01 6.420315551757812500e+01
4.614276123046875000e+01 6.187826538085937500e+01
3.824081420898437500e+01 5.952172851562500000e+01
3.824081420898437500e+01 5.718235778808593750e+01
3.747564697265625000e+01 5.490518188476562500e+01
3.600880432128906250e+01 5.273158264160156250e+01
3.390075683593750000e+01 5.069949340820312500e+01
3.390075683593750000e+01 4.884352111816406250e+01
3.312022399902343750e+01 4.719447326660156250e+01
3.312022399902343750e+01 4.578074645996093750e+01
3.234967041015625000e+01 4.462777709960937500e+01
3.234967041015625000e+01 4.375813293457031250e+01
3.234967041015625000e+01 4.319161987304687500e+01
3.234967041015625000e+01 4.294534301757812500e+01
3.234967041015625000e+01 4.303379821777343750e+01
3.234967041015625000e+01 4.311395263671875000e+01
3.234967041015625000e+01 4.318658447265625000e+01
3.234967041015625000e+01 4.325239562988281250e+01
3.234967041015625000e+01 4.331202697753906250e+01
3.234967041015625000e+01 4.331202697753906250e+01
3.234967041015625000e+01 4.331202697753906250e+01
3.234967041015625000e+01 4.331202697753906250e+01
3.234967041015625000e+01 4.331202697753906250e+01
3.234967041015625000e+01 4.331202697753906250e+01
3.234967041015625000e+01 4.331202697753906250e+01
3.234967041015625000e+01 4.331202697753906250e+01
3.234967041015625000e+01 4.331202697753906250e+01
3.234967041015625000e+01 4.331202697753906250e+01
3.234967041015625000e+01 4.331202697753906250e+01
3.234967041015625000e+01 4.331202697753906250e+01
3.234967041015625000e+01 4.331202697753906250e+01
3.234967041015625000e+01 4.331202697753906250e+01
3.234967041015625000e+01 4.331202697753906250e+01
3.234967041015625000e+01 4.331202697753906250e+01
3.234967041015625000e+01 4.331202697753906250e+01
3.234967041015625000e+01 4.331202697753906250e+01
3.234967041015625000e+01 4.331202697753906250e+01
3.234967041015625000e+01 4.331202697753906250e+01
3.234967041015625000e+01 4.331202697753906250e+01
3.234967041015625000e+01 4.331202697753906250e+01
3.234967041015625000e+01 4.331202697753906250e+01
3.234967041015625000e+01 4.331202697753906250e+01
3.234967041015625000e+01 4.331202697753906250e+01
3.234967041015625000e+01 4.331202697753906250e+01
3.234967041015625000e+01 4.331202697753906250e+01
3.234967041015625000e+01 4.331202697753906250e+01
3.234967041015625000e+01 4.331202697753906250e+01
3.234967041015625000e+01 4.331202697753906250e+01
3.234967041015625000e+01 4.331202697753906250e+01
3.234967041015625000e+01 4.331202697753906250e+01
3.234967041015625000e+01 4.331202697753906250e+01
3.258959960937500000e+01 4.405532836914062500e+01
3.304695129394531250e+01 4.547224426269531250e+01
3.370135498046875000e+01 4.749961853027343750e+01
3.453433227539062500e+01 5.008021545410156250e+01
3.552914428710937500e+01 5.316217041015625000e+01
3.667060852050781250e+01 5.669848632812500000e+01
3.794497680664062500e+01 6.064656066894531250e+01
3.933979797363281250e+01 6.496780395507812500e+01
4.084378051757812500e+01 6.962722778320312500e+01
4.244668579101562500e+01 7.459312438964843750e+01
4.413923645019531250e+01 7.983676147460937500e+01
4.591302490234375000e+01 8.533210754394531250e+01
4.752050781250000000e+01 9.031225585937500000e+01
4.897727966308593750e+01 9.482550048828125000e+01
4.897727966308593750e+01 9.482550048828125000e+01
4.897727966308593750e+01 9.482550048828125000e+01
4.897727966308593750e+01 9.482550048828125000e+01
4.897727966308593750e+01 9.482550048828125000e+01
4.897727966308593750e+01 9.482550048828125000e+01
4.897727966308593750e+01 9.482550048828125000e+01
4.897727966308593750e+01 9.482550048828125000e+01
4.897727966308593750e+01 9.482550048828125000e+01
4.897727966308593750e+01 9.482550048828125000e+01
